name_dest: origin

origin_x: 0.0
origin_y: 0.0
 
bedroom_x: 5.811502762329705
bedroom_y: 0.012321041930387383

empty_room_x: 5.922811973070979
empty_room_y: 3.4437645573161837

gym_x: -0.957977527396633
gym_y: -2.7877783015825846

kitchen_x: -6.813386599943721
kitchen_y: 0.9652352103068782

target_orientation_w: 1.0